Parameter tuning of ¡®knn.wrapper¡¯:

- sampling method: bootstrapping 

- best parameters:
  k
 73

- best performance: 0.2924368 

- Detailed performance results:
      k     error dispersion
1     1 0.3866706 0.02457049
2     2 0.4046178 0.01853153
3     3 0.3899073 0.02282559
4     4 0.3719753 0.02107791
5     5 0.3604118 0.02426315
6     6 0.3639491 0.02890798
7     7 0.3548620 0.01928281
8     8 0.3416285 0.02056808
9     9 0.3437569 0.01629324
10   10 0.3430649 0.02376866
11   11 0.3376267 0.01906795
12   12 0.3363335 0.01758664
13   13 0.3319360 0.02198594
14   14 0.3257681 0.02810893
15   15 0.3238047 0.02631451
16   16 0.3187185 0.03437518
17   17 0.3183149 0.02306090
18   18 0.3158647 0.01991737
19   19 0.3143541 0.01541938
20   20 0.3163695 0.01692849
21   21 0.3187315 0.02621465
22   22 0.3198788 0.02606881
23   23 0.3196336 0.03052644
24   24 0.3165994 0.03131416
25   25 0.3147015 0.02911235
26   26 0.3161495 0.03053680
27   27 0.3121776 0.02845567
28   28 0.3171580 0.02673294
29   29 0.3151572 0.02808935
30   30 0.3122510 0.03173977
31   31 0.3135835 0.03573942
32   32 0.3136306 0.03277044
33   33 0.3136774 0.03316422
34   34 0.3151024 0.03392263
35   35 0.3141823 0.03267791
36   36 0.3132155 0.03340707
37   37 0.3126345 0.03269104
38   38 0.3107968 0.03286426
39   39 0.3092068 0.03729575
40   40 0.3112943 0.03570099
41   41 0.3122732 0.03344175
42   42 0.3113503 0.02719324
43   43 0.3079656 0.02651651
44   44 0.3070017 0.02724658
45   45 0.3035749 0.02919382
46   46 0.3050360 0.03233481
47   47 0.3064470 0.02872931
48   48 0.3025682 0.02863970
49   49 0.3073435 0.03674209
50   50 0.3092587 0.03773650
51   51 0.3083211 0.03666080
52   52 0.3045565 0.02435111
53   53 0.3040669 0.02687266
54   54 0.3064368 0.03149170
55   55 0.3073802 0.03390147
56   56 0.3016185 0.02558470
57   57 0.2977526 0.02128129
58   58 0.2996143 0.02878261
59   59 0.2977229 0.02448812
60   60 0.2991538 0.02473940
61   61 0.2967277 0.02641377
62   62 0.2986875 0.02679184
63   63 0.2982270 0.02194511
64   64 0.2958139 0.02219581
65   65 0.2962993 0.02260014
66   66 0.2963215 0.02278959
67   67 0.2958162 0.02246018
68   68 0.2948431 0.02204778
69   69 0.2938815 0.02245037
70   70 0.2943669 0.02208762
71   71 0.2962946 0.02124042
72   72 0.2943553 0.02262532
73   73 0.2924368 0.02359538
74   74 0.2929107 0.02411609
75   75 0.2929107 0.02411609
76   76 0.2929107 0.02411609
77   77 0.2929107 0.02411609
78   78 0.2929107 0.02411609
79   79 0.2929107 0.02411609
80   80 0.2929107 0.02411609
81   81 0.2929107 0.02411609
82   82 0.2929107 0.02411609
83   83 0.2929107 0.02411609
84   84 0.2929107 0.02411609
85   85 0.2929107 0.02411609
86   86 0.2929107 0.02411609
87   87 0.2929107 0.02411609
88   88 0.2929107 0.02411609
89   89 0.2929107 0.02411609
90   90 0.2929107 0.02411609
91   91 0.2929107 0.02411609
92   92 0.2929107 0.02411609
93   93 0.2929107 0.02411609
94   94 0.2929107 0.02411609
95   95 0.2929107 0.02411609
96   96 0.2929107 0.02411609
97   97 0.2929107 0.02411609
98   98 0.2929107 0.02411609
99   99 0.2929107 0.02411609
100 100 0.2929107 0.02411609
101 101 0.2929107 0.02411609
102 102 0.2929107 0.02411609
103 103 0.2929107 0.02411609
104 104 0.2929107 0.02411609
105 105 0.2929107 0.02411609
106 106 0.2929107 0.02411609
107 107 0.2929107 0.02411609
108 108 0.2929107 0.02411609
109 109 0.2929107 0.02411609
110 110 0.2929107 0.02411609
111 111 0.2929107 0.02411609
112 112 0.2929107 0.02411609
113 113 0.2929107 0.02411609
114 114 0.2929107 0.02411609
115 115 0.2929107 0.02411609
116 116 0.2929107 0.02411609
117 117 0.2929107 0.02411609
118 118 0.2929107 0.02411609
119 119 0.2929107 0.02411609
120 120 0.2929107 0.02411609













Parameter tuning of ¡®svm¡¯:

- sampling method: bootstrapping 

- best parameters:
 gamma cost
 0.026 0.75

- best performance: 0.2587884 

- Detailed performance results:
    gamma cost     error dispersion
1   0.010 0.25 0.2885045 0.01700557
2   0.011 0.25 0.2885045 0.01700557
3   0.012 0.25 0.2880260 0.01741168
4   0.013 0.25 0.2880260 0.01741168
5   0.014 0.25 0.2880260 0.01741168
6   0.015 0.25 0.2880260 0.01741168
7   0.016 0.25 0.2875476 0.01793663
8   0.017 0.25 0.2875476 0.01793663
9   0.018 0.25 0.2875476 0.01793663
10  0.019 0.25 0.2880260 0.01741168
11  0.020 0.25 0.2880260 0.01741168
12  0.021 0.25 0.2880260 0.01741168
13  0.022 0.25 0.2880260 0.01741168
14  0.023 0.25 0.2885045 0.01700557
15  0.024 0.25 0.2885045 0.01700557
16  0.025 0.25 0.2885045 0.01700557
17  0.026 0.25 0.2885045 0.01700557
18  0.027 0.25 0.2885045 0.01700557
19  0.028 0.25 0.2885045 0.01700557
20  0.029 0.25 0.2885045 0.01700557
21  0.030 0.25 0.2885045 0.01700557
22  0.031 0.25 0.2885045 0.01700557
23  0.032 0.25 0.2885045 0.01700557
24  0.033 0.25 0.2885045 0.01700557
25  0.034 0.25 0.2885045 0.01700557
26  0.035 0.25 0.2885045 0.01700557
27  0.036 0.25 0.2885045 0.01700557
28  0.037 0.25 0.2885045 0.01700557
29  0.038 0.25 0.2885045 0.01700557
30  0.039 0.25 0.2885045 0.01700557
31  0.040 0.25 0.2885045 0.01700557
32  0.041 0.25 0.2885045 0.01700557
33  0.042 0.25 0.2885045 0.01700557
34  0.043 0.25 0.2885045 0.01700557
35  0.044 0.25 0.2885045 0.01700557
36  0.045 0.25 0.2885045 0.01700557
37  0.046 0.25 0.2885045 0.01700557
38  0.047 0.25 0.2885045 0.01700557
39  0.048 0.25 0.2885045 0.01700557
40  0.049 0.25 0.2885045 0.01700557
41  0.050 0.25 0.2885045 0.01700557
42  0.051 0.25 0.2885045 0.01700557
43  0.052 0.25 0.2885045 0.01700557
44  0.053 0.25 0.2885045 0.01700557
45  0.054 0.25 0.2885045 0.01700557
46  0.055 0.25 0.2885045 0.01700557
47  0.056 0.25 0.2885045 0.01700557
48  0.057 0.25 0.2885045 0.01700557
49  0.058 0.25 0.2885045 0.01700557
50  0.059 0.25 0.2885045 0.01700557
51  0.060 0.25 0.2885045 0.01700557
52  0.061 0.25 0.2885045 0.01700557
53  0.062 0.25 0.2885045 0.01700557
54  0.063 0.25 0.2885045 0.01700557
55  0.064 0.25 0.2885045 0.01700557
56  0.065 0.25 0.2885045 0.01700557
57  0.066 0.25 0.2885045 0.01700557
58  0.067 0.25 0.2885045 0.01700557
59  0.068 0.25 0.2885045 0.01700557
60  0.069 0.25 0.2885045 0.01700557
61  0.070 0.25 0.2885045 0.01700557
62  0.071 0.25 0.2885045 0.01700557
63  0.072 0.25 0.2885045 0.01700557
64  0.073 0.25 0.2885045 0.01700557
65  0.074 0.25 0.2885045 0.01700557
66  0.075 0.25 0.2885045 0.01700557
67  0.076 0.25 0.2885045 0.01700557
68  0.077 0.25 0.2885045 0.01700557
69  0.078 0.25 0.2885045 0.01700557
70  0.079 0.25 0.2885045 0.01700557
71  0.080 0.25 0.2885045 0.01700557
72  0.081 0.25 0.2885045 0.01700557
73  0.082 0.25 0.2885045 0.01700557
74  0.083 0.25 0.2885045 0.01700557
75  0.084 0.25 0.2885045 0.01700557
76  0.085 0.25 0.2885045 0.01700557
77  0.086 0.25 0.2885045 0.01700557
78  0.087 0.25 0.2885045 0.01700557
79  0.088 0.25 0.2885045 0.01700557
80  0.089 0.25 0.2885045 0.01700557
81  0.090 0.25 0.2885045 0.01700557
82  0.091 0.25 0.2885045 0.01700557
83  0.092 0.25 0.2885045 0.01700557
84  0.093 0.25 0.2885045 0.01700557
85  0.094 0.25 0.2885045 0.01700557
86  0.095 0.25 0.2885045 0.01700557
87  0.096 0.25 0.2885045 0.01700557
88  0.097 0.25 0.2885045 0.01700557
89  0.098 0.25 0.2885045 0.01700557
90  0.099 0.25 0.2885045 0.01700557
91  0.100 0.25 0.2885045 0.01700557
92  0.010 0.50 0.2859548 0.01981259
93  0.011 0.50 0.2848643 0.02146445
94  0.012 0.50 0.2838277 0.02289344
95  0.013 0.50 0.2828661 0.02149261
96  0.014 0.50 0.2809259 0.02239660
97  0.015 0.50 0.2804284 0.02188937
98  0.016 0.50 0.2794760 0.02274511
99  0.017 0.50 0.2794760 0.02274511
100 0.018 0.50 0.2795324 0.02186029
101 0.019 0.50 0.2769830 0.02435801
102 0.020 0.50 0.2760121 0.02373233
103 0.021 0.50 0.2775132 0.02237848
104 0.022 0.50 0.2760610 0.02211521
105 0.023 0.50 0.2776046 0.02161859
106 0.024 0.50 0.2785615 0.02135355
107 0.025 0.50 0.2785737 0.02151777
108 0.026 0.50 0.2785714 0.02125012
109 0.027 0.50 0.2796179 0.02031763
110 0.028 0.50 0.2816046 0.01901396
111 0.029 0.50 0.2826412 0.01767746
112 0.030 0.50 0.2836661 0.01679103
113 0.031 0.50 0.2831220 0.01860875
114 0.032 0.50 0.2822236 0.01922366
115 0.033 0.50 0.2822474 0.01985933
116 0.034 0.50 0.2812689 0.01882479
117 0.035 0.50 0.2817451 0.01833437
118 0.036 0.50 0.2817329 0.01812896
119 0.037 0.50 0.2822304 0.01869974
120 0.038 0.50 0.2822066 0.01846579
121 0.039 0.50 0.2821148 0.01887330
122 0.040 0.50 0.2826026 0.01881949
123 0.041 0.50 0.2826026 0.01881949
124 0.042 0.50 0.2831001 0.01862070
125 0.043 0.50 0.2831001 0.01862070
126 0.044 0.50 0.2831001 0.01862070
127 0.045 0.50 0.2826217 0.01884042
128 0.046 0.50 0.2826681 0.01871886
129 0.047 0.50 0.2826681 0.01871886
130 0.048 0.50 0.2831583 0.01810779
131 0.049 0.50 0.2831583 0.01810779
132 0.050 0.50 0.2831583 0.01810779
133 0.051 0.50 0.2831583 0.01810779
134 0.052 0.50 0.2836368 0.01786310
135 0.053 0.50 0.2841270 0.01734565
136 0.054 0.50 0.2836485 0.01761233
137 0.055 0.50 0.2836485 0.01761233
138 0.056 0.50 0.2841270 0.01848163
139 0.057 0.50 0.2841270 0.01848163
140 0.058 0.50 0.2850816 0.01803058
141 0.059 0.50 0.2855601 0.01897477
142 0.060 0.50 0.2855601 0.01897477
143 0.061 0.50 0.2855601 0.01897477
144 0.062 0.50 0.2860363 0.01890591
145 0.063 0.50 0.2865363 0.01834556
146 0.064 0.50 0.2865363 0.01834556
147 0.065 0.50 0.2865363 0.01834556
148 0.066 0.50 0.2865363 0.01834556
149 0.067 0.50 0.2865363 0.01834556
150 0.068 0.50 0.2870363 0.01790771
151 0.069 0.50 0.2875241 0.01784968
152 0.070 0.50 0.2875241 0.01784968
153 0.071 0.50 0.2875241 0.01784968
154 0.072 0.50 0.2875241 0.01784968
155 0.073 0.50 0.2875241 0.01784968
156 0.074 0.50 0.2875241 0.01784968
157 0.075 0.50 0.2875241 0.01784968
158 0.076 0.50 0.2875241 0.01784968
159 0.077 0.50 0.2875241 0.01784968
160 0.078 0.50 0.2880143 0.01736368
161 0.079 0.50 0.2880143 0.01736368
162 0.080 0.50 0.2880143 0.01736368
163 0.081 0.50 0.2880143 0.01736368
164 0.082 0.50 0.2880143 0.01736368
165 0.083 0.50 0.2880143 0.01736368
166 0.084 0.50 0.2880143 0.01736368
167 0.085 0.50 0.2880143 0.01736368
168 0.086 0.50 0.2880143 0.01736368
169 0.087 0.50 0.2880143 0.01736368
170 0.088 0.50 0.2880143 0.01736368
171 0.089 0.50 0.2880143 0.01736368
172 0.090 0.50 0.2880143 0.01736368
173 0.091 0.50 0.2880143 0.01736368
174 0.092 0.50 0.2880143 0.01736368
175 0.093 0.50 0.2880143 0.01736368
176 0.094 0.50 0.2880143 0.01736368
177 0.095 0.50 0.2885045 0.01700557
178 0.096 0.50 0.2885045 0.01700557
179 0.097 0.50 0.2885045 0.01700557
180 0.098 0.50 0.2885045 0.01700557
181 0.099 0.50 0.2885045 0.01700557
182 0.100 0.50 0.2885045 0.01700557
183 0.010 0.75 0.2754212 0.02628506
184 0.011 0.75 0.2740673 0.02233398
185 0.012 0.75 0.2725729 0.02206695
186 0.013 0.75 0.2726173 0.01881890
187 0.014 0.75 0.2695467 0.02153010
188 0.015 0.75 0.2680667 0.02163288
189 0.016 0.75 0.2655565 0.02257888
190 0.017 0.75 0.2665185 0.02427857
191 0.018 0.75 0.2656276 0.02364486
192 0.019 0.75 0.2626632 0.02449051
193 0.020 0.75 0.2626487 0.02398096
194 0.021 0.75 0.2631923 0.02244170
195 0.022 0.75 0.2632413 0.02125440
196 0.023 0.75 0.2627462 0.01981375
197 0.024 0.75 0.2603044 0.01867543
198 0.025 0.75 0.2593162 0.01841956
199 0.026 0.75 0.2587884 0.01865498
200 0.027 0.75 0.2588079 0.01950158
201 0.028 0.75 0.2604007 0.01776709
202 0.029 0.75 0.2627927 0.01776504
203 0.030 0.75 0.2653537 0.01547971
204 0.031 0.75 0.2654099 0.01655503
205 0.032 0.75 0.2664685 0.01620026
206 0.033 0.75 0.2669661 0.01651796
207 0.034 0.75 0.2678578 0.01796472
208 0.035 0.75 0.2688456 0.01787022
209 0.036 0.75 0.2698944 0.01686662
210 0.037 0.75 0.2713415 0.01669876
211 0.038 0.75 0.2738732 0.01577874
212 0.039 0.75 0.2734016 0.01680559
213 0.040 0.75 0.2728994 0.01828508
214 0.041 0.75 0.2728897 0.01752342
215 0.042 0.75 0.2728897 0.01752342
216 0.043 0.75 0.2738682 0.01773235
217 0.044 0.75 0.2738119 0.01756342
218 0.045 0.75 0.2738119 0.01756342
219 0.046 0.75 0.2738523 0.01808145
220 0.047 0.75 0.2739012 0.01736598
221 0.048 0.75 0.2748652 0.01662402
222 0.049 0.75 0.2753413 0.01793178
223 0.050 0.75 0.2762539 0.02025010
224 0.051 0.75 0.2767086 0.01945083
225 0.052 0.75 0.2782054 0.01884798
226 0.053 0.75 0.2782029 0.01909633
227 0.054 0.75 0.2782029 0.01909633
228 0.055 0.75 0.2781791 0.01886165
229 0.056 0.75 0.2782256 0.01842453
230 0.057 0.75 0.2782256 0.01842453
231 0.058 0.75 0.2787134 0.01834021
232 0.059 0.75 0.2792598 0.01787211
233 0.060 0.75 0.2792598 0.01787211
234 0.061 0.75 0.2797500 0.01718376
235 0.062 0.75 0.2802378 0.01719933
236 0.063 0.75 0.2802378 0.01719933
237 0.064 0.75 0.2802569 0.01751799
238 0.065 0.75 0.2802569 0.01751799
239 0.066 0.75 0.2797569 0.01791024
240 0.067 0.75 0.2807329 0.01796087
241 0.068 0.75 0.2807329 0.01796087
242 0.069 0.75 0.2807329 0.01796087
243 0.070 0.75 0.2807329 0.01796087
244 0.071 0.75 0.2807446 0.01784958
245 0.072 0.75 0.2812230 0.01738383
246 0.073 0.75 0.2812230 0.01738383
247 0.074 0.75 0.2812230 0.01738383
248 0.075 0.75 0.2817015 0.01833447
249 0.076 0.75 0.2821777 0.01809832
250 0.077 0.75 0.2826777 0.01763414
251 0.078 0.75 0.2826777 0.01763414
252 0.079 0.75 0.2831539 0.01750331
253 0.080 0.75 0.2831539 0.01750331
254 0.081 0.75 0.2831539 0.01750331
255 0.082 0.75 0.2831539 0.01750331
256 0.083 0.75 0.2841226 0.01656102
257 0.084 0.75 0.2841226 0.01656102
258 0.085 0.75 0.2841226 0.01656102
259 0.086 0.75 0.2841226 0.01656102
260 0.087 0.75 0.2841226 0.01656102
261 0.088 0.75 0.2841226 0.01656102
262 0.089 0.75 0.2841226 0.01656102
263 0.090 0.75 0.2841226 0.01656102
264 0.091 0.75 0.2841226 0.01656102
265 0.092 0.75 0.2841226 0.01656102
266 0.093 0.75 0.2841226 0.01656102
267 0.094 0.75 0.2841226 0.01656102
268 0.095 0.75 0.2841226 0.01656102
269 0.096 0.75 0.2841226 0.01656102
270 0.097 0.75 0.2841226 0.01656102
271 0.098 0.75 0.2846201 0.01710691
272 0.099 0.75 0.2851201 0.01670035
273 0.100 0.75 0.2851201 0.01670035
274 0.010 1.00 0.2638368 0.02245911
275 0.011 1.00 0.2619001 0.02390338
276 0.012 1.00 0.2658262 0.02296245
277 0.013 1.00 0.2663419 0.02372925
278 0.014 1.00 0.2662878 0.02140017
279 0.015 1.00 0.2656913 0.02344521
280 0.016 1.00 0.2641834 0.02346138
281 0.017 1.00 0.2661587 0.02113686
282 0.018 1.00 0.2641210 0.02189368
283 0.019 1.00 0.2655710 0.02378514
284 0.020 1.00 0.2649662 0.02652357
285 0.021 1.00 0.2650019 0.02488000
286 0.022 1.00 0.2664349 0.02562173
287 0.023 1.00 0.2659985 0.02528791
288 0.024 1.00 0.2659582 0.02859739
289 0.025 1.00 0.2644894 0.02803991
290 0.026 1.00 0.2636005 0.02504551
291 0.027 1.00 0.2625755 0.02536370
292 0.028 1.00 0.2620596 0.02531345
293 0.029 1.00 0.2606466 0.02227938
294 0.030 1.00 0.2591125 0.02365759
295 0.031 1.00 0.2601002 0.02187594
296 0.032 1.00 0.2610757 0.02080111
297 0.033 1.00 0.2621613 0.01822729
298 0.034 1.00 0.2617460 0.01708889
299 0.035 1.00 0.2618457 0.01700490
300 0.036 1.00 0.2618649 0.01636416
301 0.037 1.00 0.2609641 0.01561965
302 0.038 1.00 0.2624890 0.01593616
303 0.039 1.00 0.2639577 0.01508010
304 0.040 1.00 0.2619380 0.01726774
305 0.041 1.00 0.2633772 0.01952243
306 0.042 1.00 0.2643532 0.02021970
307 0.043 1.00 0.2677921 0.01844341
308 0.044 1.00 0.2673793 0.01701829
309 0.045 1.00 0.2678720 0.01738780
310 0.046 1.00 0.2683551 0.01753637
311 0.047 1.00 0.2688551 0.01797117
312 0.048 1.00 0.2693526 0.01725447
313 0.049 1.00 0.2689231 0.01643318
314 0.050 1.00 0.2688667 0.01645880
315 0.051 1.00 0.2694201 0.01665547
316 0.052 1.00 0.2694201 0.01665547
317 0.053 1.00 0.2699032 0.01850338
318 0.054 1.00 0.2703910 0.01823275
319 0.055 1.00 0.2703207 0.01859440
320 0.056 1.00 0.2717656 0.01782692
321 0.057 1.00 0.2712656 0.01748125
322 0.058 1.00 0.2722200 0.01870430
323 0.059 1.00 0.2717200 0.01868855
324 0.060 1.00 0.2727006 0.01964194
325 0.061 1.00 0.2717342 0.02013337
326 0.062 1.00 0.2712342 0.02024301
327 0.063 1.00 0.2722196 0.01965368
328 0.064 1.00 0.2731933 0.01992912
329 0.065 1.00 0.2731933 0.01992912
330 0.066 1.00 0.2752035 0.01858578
331 0.067 1.00 0.2752035 0.01858578
332 0.068 1.00 0.2767279 0.01746000
333 0.069 1.00 0.2772279 0.01715577
334 0.070 1.00 0.2777255 0.01678746
335 0.071 1.00 0.2772470 0.01716130
336 0.072 1.00 0.2772470 0.01716130
337 0.073 1.00 0.2777301 0.01790953
338 0.074 1.00 0.2772301 0.01821649
339 0.075 1.00 0.2772301 0.01821649
340 0.076 1.00 0.2777179 0.01830594
341 0.077 1.00 0.2781964 0.01794201
342 0.078 1.00 0.2781964 0.01794201
343 0.079 1.00 0.2786939 0.01771564
344 0.080 1.00 0.2786939 0.01771564
345 0.081 1.00 0.2791914 0.01762733
346 0.082 1.00 0.2801676 0.01705809
347 0.083 1.00 0.2811362 0.01748585
348 0.084 1.00 0.2816337 0.01778861
349 0.085 1.00 0.2816337 0.01778861
350 0.086 1.00 0.2816337 0.01778861
351 0.087 1.00 0.2821239 0.01733198
352 0.088 1.00 0.2826215 0.01776192
353 0.089 1.00 0.2826215 0.01776192
354 0.090 1.00 0.2826215 0.01776192
355 0.091 1.00 0.2826215 0.01776192
356 0.092 1.00 0.2826215 0.01776192
357 0.093 1.00 0.2826215 0.01776192
358 0.094 1.00 0.2831679 0.01714027
359 0.095 1.00 0.2831679 0.01714027
360 0.096 1.00 0.2831679 0.01714027
361 0.097 1.00 0.2831679 0.01714027
362 0.098 1.00 0.2836464 0.01672990
363 0.099 1.00 0.2836464 0.01672990
364 0.100 1.00 0.2836464 0.01672990
365 0.010 1.25 0.2622812 0.02645638
366 0.011 1.25 0.2627737 0.02587655
367 0.012 1.25 0.2628198 0.02384710
368 0.013 1.25 0.2613966 0.02181713
369 0.014 1.25 0.2622945 0.02125132
370 0.015 1.25 0.2632309 0.02025713
371 0.016 1.25 0.2622409 0.02104863
372 0.017 1.25 0.2646193 0.02649612
373 0.018 1.25 0.2666015 0.02255389
374 0.019 1.25 0.2657834 0.02033169
375 0.020 1.25 0.2661614 0.02109760
376 0.021 1.25 0.2652140 0.01989704
377 0.022 1.25 0.2632476 0.01965775
378 0.023 1.25 0.2637545 0.01776676
379 0.024 1.25 0.2622274 0.01932541
380 0.025 1.25 0.2631867 0.02027401
381 0.026 1.25 0.2631088 0.02230591
382 0.027 1.25 0.2639863 0.02584867
383 0.028 1.25 0.2639187 0.02685140
384 0.029 1.25 0.2634375 0.02673567
385 0.030 1.25 0.2634604 0.02645431
386 0.031 1.25 0.2644765 0.02396572
387 0.032 1.25 0.2653003 0.02741781
388 0.033 1.25 0.2648731 0.02507929
389 0.034 1.25 0.2609400 0.02541390
390 0.035 1.25 0.2618988 0.02594962
391 0.036 1.25 0.2609579 0.02592492
392 0.037 1.25 0.2619591 0.02728673
393 0.038 1.25 0.2625321 0.02309665
394 0.039 1.25 0.2635665 0.02181315
395 0.040 1.25 0.2641113 0.01975949
396 0.041 1.25 0.2642186 0.01763850
397 0.042 1.25 0.2637777 0.01733111
398 0.043 1.25 0.2622606 0.01936020
399 0.044 1.25 0.2651960 0.02023209
400 0.045 1.25 0.2662326 0.01874815
401 0.046 1.25 0.2677956 0.01710250
402 0.047 1.25 0.2657993 0.01837186
403 0.048 1.25 0.2678149 0.01941325
404 0.049 1.25 0.2687739 0.01770436
405 0.050 1.25 0.2678242 0.01777971
406 0.051 1.25 0.2678313 0.01910495
407 0.052 1.25 0.2687906 0.01938921
408 0.053 1.25 0.2683121 0.01853431
409 0.054 1.25 0.2673692 0.01693398
410 0.055 1.25 0.2678667 0.01704870
411 0.056 1.25 0.2683009 0.01732775
412 0.057 1.25 0.2688640 0.01652979
413 0.058 1.25 0.2688078 0.01688956
414 0.059 1.25 0.2693398 0.01651295
415 0.060 1.25 0.2688542 0.01566982
416 0.061 1.25 0.2693304 0.01550668
417 0.062 1.25 0.2693304 0.01550668
418 0.063 1.25 0.2712679 0.01834376
419 0.064 1.25 0.2702801 0.01828535
420 0.065 1.25 0.2707561 0.01840007
421 0.066 1.25 0.2712392 0.01887363
422 0.067 1.25 0.2717223 0.01945591
423 0.068 1.25 0.2712436 0.01918848
424 0.069 1.25 0.2717198 0.01898903
425 0.070 1.25 0.2717198 0.01898903
426 0.071 1.25 0.2717198 0.01898903
427 0.072 1.25 0.2736454 0.01931456
428 0.073 1.25 0.2756673 0.01760513
429 0.074 1.25 0.2767113 0.01733995
430 0.075 1.25 0.2772064 0.01725687
431 0.076 1.25 0.2762495 0.01778994
432 0.077 1.25 0.2762495 0.01778994
433 0.078 1.25 0.2762495 0.01778994
434 0.079 1.25 0.2762495 0.01778994
435 0.080 1.25 0.2762495 0.01778994
436 0.081 1.25 0.2762495 0.01778994
437 0.082 1.25 0.2772255 0.01711440
438 0.083 1.25 0.2767255 0.01757802
439 0.084 1.25 0.2767255 0.01757802
440 0.085 1.25 0.2772039 0.01737635
441 0.086 1.25 0.2772039 0.01737635
442 0.087 1.25 0.2781895 0.01708192
443 0.088 1.25 0.2781895 0.01708192
444 0.089 1.25 0.2781895 0.01708192
445 0.090 1.25 0.2786679 0.01813760
446 0.091 1.25 0.2786679 0.01813760
447 0.092 1.25 0.2796556 0.01736927
448 0.093 1.25 0.2801387 0.01803738
449 0.094 1.25 0.2806289 0.01763345
450 0.095 1.25 0.2806289 0.01763345
451 0.096 1.25 0.2806289 0.01763345
452 0.097 1.25 0.2806289 0.01763345
453 0.098 1.25 0.2806289 0.01763345
454 0.099 1.25 0.2806289 0.01763345
455 0.100 1.25 0.2806289 0.01763345
456 0.010 1.50 0.2643176 0.02554702
457 0.011 1.50 0.2637816 0.02220917
458 0.012 1.50 0.2642929 0.02162820
459 0.013 1.50 0.2657840 0.02334538
460 0.014 1.50 0.2657908 0.01977975
461 0.015 1.50 0.2683557 0.02003232
462 0.016 1.50 0.2688583 0.01947935
463 0.017 1.50 0.2693744 0.01959155
464 0.018 1.50 0.2674139 0.01731120
465 0.019 1.50 0.2698375 0.01750858
466 0.020 1.50 0.2697244 0.01923370
467 0.021 1.50 0.2682499 0.01744181
468 0.022 1.50 0.2671750 0.02081347
469 0.023 1.50 0.2657469 0.01962224
470 0.024 1.50 0.2651838 0.02272785
471 0.025 1.50 0.2651525 0.02228438
472 0.026 1.50 0.2656023 0.02341576
473 0.027 1.50 0.2650438 0.02433600
474 0.028 1.50 0.2673840 0.02704448
475 0.029 1.50 0.2648907 0.02859963
476 0.030 1.50 0.2668449 0.02825873
477 0.031 1.50 0.2658931 0.02676119
478 0.032 1.50 0.2658391 0.02679500
479 0.033 1.50 0.2654216 0.02556462
480 0.034 1.50 0.2663317 0.02647324
481 0.035 1.50 0.2638925 0.02457813
482 0.036 1.50 0.2643586 0.02478333
483 0.037 1.50 0.2618008 0.02765802
484 0.038 1.50 0.2613339 0.02823194
485 0.039 1.50 0.2643894 0.02588096
486 0.040 1.50 0.2658318 0.02849601
487 0.041 1.50 0.2673727 0.02583926
488 0.042 1.50 0.2654420 0.02511473
489 0.043 1.50 0.2659982 0.02482926
490 0.044 1.50 0.2636592 0.02275803
491 0.045 1.50 0.2656234 0.02133544
492 0.046 1.50 0.2671233 0.02037918
493 0.047 1.50 0.2686086 0.01943134
494 0.048 1.50 0.2687593 0.01650751
495 0.049 1.50 0.2678023 0.01524854
496 0.050 1.50 0.2677930 0.01589293
497 0.051 1.50 0.2682396 0.01707602
498 0.052 1.50 0.2677850 0.01792749
499 0.053 1.50 0.2659033 0.01791510
500 0.054 1.50 0.2663795 0.01786021
501 0.055 1.50 0.2668788 0.01831494
502 0.056 1.50 0.2678880 0.01742329
503 0.057 1.50 0.2678880 0.01742329
504 0.058 1.50 0.2678594 0.01660065
505 0.059 1.50 0.2682722 0.01777160
506 0.060 1.50 0.2677212 0.01906049
507 0.061 1.50 0.2662619 0.01822952
508 0.062 1.50 0.2657644 0.01822478
509 0.063 1.50 0.2667594 0.01680577
510 0.064 1.50 0.2677912 0.01750614
511 0.065 1.50 0.2702240 0.01890513
512 0.066 1.50 0.2697240 0.01868266
513 0.067 1.50 0.2687362 0.01868338
514 0.068 1.50 0.2692146 0.01858566
515 0.069 1.50 0.2697191 0.01943087
516 0.070 1.50 0.2702166 0.01889068
517 0.071 1.50 0.2707461 0.01889529
518 0.072 1.50 0.2707461 0.01889529
519 0.073 1.50 0.2712246 0.01887698
520 0.074 1.50 0.2717124 0.01871507
521 0.075 1.50 0.2732465 0.01806433
522 0.076 1.50 0.2752545 0.01655867
523 0.077 1.50 0.2752711 0.01668595
524 0.078 1.50 0.2747927 0.01698536
525 0.079 1.50 0.2757520 0.01747426
526 0.080 1.50 0.2762495 0.01778994
527 0.081 1.50 0.2762495 0.01778994
528 0.082 1.50 0.2762495 0.01778994
529 0.083 1.50 0.2762495 0.01778994
530 0.084 1.50 0.2767279 0.01746000
531 0.085 1.50 0.2767279 0.01746000
532 0.086 1.50 0.2772064 0.01725687
533 0.087 1.50 0.2767064 0.01771616
534 0.088 1.50 0.2767064 0.01771616
535 0.089 1.50 0.2772039 0.01737635
536 0.090 1.50 0.2777016 0.01700106
537 0.091 1.50 0.2781895 0.01708192
538 0.092 1.50 0.2781895 0.01708192
539 0.093 1.50 0.2786679 0.01813760
540 0.094 1.50 0.2786679 0.01813760
541 0.095 1.50 0.2786679 0.01813760
542 0.096 1.50 0.2786679 0.01813760
543 0.097 1.50 0.2791581 0.01763027
544 0.098 1.50 0.2801458 0.01696494
545 0.099 1.50 0.2806289 0.01763345
546 0.100 1.50 0.2806289 0.01763345
547 0.010 1.75 0.2676734 0.02372747
548 0.011 1.75 0.2677194 0.02478570
549 0.012 1.75 0.2638441 0.02353992
550 0.013 1.75 0.2648206 0.02360970
551 0.014 1.75 0.2653624 0.02247674
552 0.015 1.75 0.2668902 0.01677066
553 0.016 1.75 0.2657689 0.02030843
554 0.017 1.75 0.2696868 0.02233170
555 0.018 1.75 0.2676760 0.02295736
556 0.019 1.75 0.2656873 0.02128682
557 0.020 1.75 0.2651471 0.02226486
558 0.021 1.75 0.2641926 0.02056490
559 0.022 1.75 0.2627170 0.02048114
560 0.023 1.75 0.2627508 0.02046661
561 0.024 1.75 0.2642026 0.02121728
562 0.025 1.75 0.2641909 0.02093956
563 0.026 1.75 0.2645407 0.02537282
564 0.027 1.75 0.2665434 0.02579236
565 0.028 1.75 0.2664981 0.02877982
566 0.029 1.75 0.2650200 0.02947084
567 0.030 1.75 0.2644637 0.03128269
568 0.031 1.75 0.2654215 0.03006312
569 0.032 1.75 0.2674126 0.02759125
570 0.033 1.75 0.2658618 0.02739748
571 0.034 1.75 0.2679171 0.02380829
572 0.035 1.75 0.2674292 0.02342898
573 0.036 1.75 0.2663825 0.02326105
574 0.037 1.75 0.2639807 0.02226373
575 0.038 1.75 0.2634544 0.02374653
576 0.039 1.75 0.2655371 0.02279789
577 0.040 1.75 0.2650493 0.02243374
578 0.041 1.75 0.2680136 0.02248877
579 0.042 1.75 0.2679308 0.02401323
580 0.043 1.75 0.2674454 0.02398382
581 0.044 1.75 0.2659959 0.02376950
582 0.045 1.75 0.2660475 0.02313012
583 0.046 1.75 0.2680045 0.02347181
584 0.047 1.75 0.2685749 0.02269222
585 0.048 1.75 0.2675988 0.02279824
586 0.049 1.75 0.2677053 0.01855440
587 0.050 1.75 0.2677197 0.01728443
588 0.051 1.75 0.2682390 0.01714578
589 0.052 1.75 0.2682390 0.01758522
590 0.053 1.75 0.2667944 0.01771622
591 0.054 1.75 0.2677754 0.01623506
592 0.055 1.75 0.2664078 0.01677787
593 0.056 1.75 0.2673904 0.01666702
594 0.057 1.75 0.2678782 0.01660902
595 0.058 1.75 0.2693562 0.01693063
596 0.059 1.75 0.2682862 0.01756286
597 0.060 1.75 0.2692409 0.01846483
598 0.061 1.75 0.2667521 0.01810203
599 0.062 1.75 0.2662546 0.01811223
600 0.063 1.75 0.2662546 0.01811223
601 0.064 1.75 0.2672352 0.01765668
602 0.065 1.75 0.2672210 0.02052337
603 0.066 1.75 0.2677436 0.01942090
604 0.067 1.75 0.2677412 0.01923917
605 0.068 1.75 0.2682387 0.01860460
606 0.069 1.75 0.2692215 0.01924078
607 0.070 1.75 0.2697191 0.01870980
608 0.071 1.75 0.2697191 0.01870980
609 0.072 1.75 0.2701997 0.01958447
610 0.073 1.75 0.2712246 0.01887698
611 0.074 1.75 0.2717124 0.01871507
612 0.075 1.75 0.2727490 0.01781483
613 0.076 1.75 0.2737343 0.01719963
614 0.077 1.75 0.2752638 0.01672738
615 0.078 1.75 0.2747927 0.01698536
616 0.079 1.75 0.2752689 0.01679795
617 0.080 1.75 0.2757664 0.01714168
618 0.081 1.75 0.2762495 0.01778994
619 0.082 1.75 0.2762495 0.01778994
620 0.083 1.75 0.2762495 0.01778994
621 0.084 1.75 0.2767279 0.01746000
622 0.085 1.75 0.2767279 0.01746000
623 0.086 1.75 0.2772064 0.01725687
624 0.087 1.75 0.2767064 0.01771616
625 0.088 1.75 0.2767064 0.01771616
626 0.089 1.75 0.2772039 0.01737635
627 0.090 1.75 0.2777016 0.01700106
628 0.091 1.75 0.2781895 0.01708192
629 0.092 1.75 0.2781895 0.01708192
630 0.093 1.75 0.2786679 0.01813760
631 0.094 1.75 0.2786679 0.01813760
632 0.095 1.75 0.2786679 0.01813760
633 0.096 1.75 0.2786679 0.01813760
634 0.097 1.75 0.2791581 0.01763027
635 0.098 1.75 0.2801458 0.01696494
636 0.099 1.75 0.2806289 0.01763345
637 0.100 1.75 0.2806289 0.01763345
638 0.010 2.00 0.2682242 0.02565306
639 0.011 2.00 0.2658735 0.02470856
640 0.012 2.00 0.2657814 0.02636724
641 0.013 2.00 0.2667360 0.02296993
642 0.014 2.00 0.2672148 0.02049114
643 0.015 2.00 0.2645766 0.02443052
644 0.016 2.00 0.2665003 0.02446049
645 0.017 2.00 0.2649348 0.02671960
646 0.018 2.00 0.2634558 0.02754893
647 0.019 2.00 0.2641252 0.02500355
648 0.020 2.00 0.2607622 0.02156003
649 0.021 2.00 0.2607278 0.02128264
650 0.022 2.00 0.2617742 0.01857887
651 0.023 2.00 0.2642571 0.01917193
652 0.024 2.00 0.2647099 0.02061443
653 0.025 2.00 0.2656334 0.02426195
654 0.026 2.00 0.2670390 0.02611723
655 0.027 2.00 0.2660981 0.02469916
656 0.028 2.00 0.2661374 0.02625310
657 0.029 2.00 0.2661040 0.02835830
658 0.030 2.00 0.2671266 0.02840658
659 0.031 2.00 0.2666791 0.02477776
660 0.032 2.00 0.2676407 0.02611069
661 0.033 2.00 0.2685342 0.02463347
662 0.034 2.00 0.2690967 0.02033605
663 0.035 2.00 0.2709379 0.02252048
664 0.036 2.00 0.2708650 0.02254586
665 0.037 2.00 0.2689272 0.02260615
666 0.038 2.00 0.2668954 0.02548118
667 0.039 2.00 0.2679434 0.02468592
668 0.040 2.00 0.2670380 0.02295505
669 0.041 2.00 0.2685910 0.02007177
670 0.042 2.00 0.2685833 0.02115601
671 0.043 2.00 0.2700618 0.02017853
672 0.044 2.00 0.2696280 0.01906157
673 0.045 2.00 0.2691819 0.01982310
674 0.046 2.00 0.2705924 0.02081721
675 0.047 2.00 0.2700483 0.02137977
676 0.048 2.00 0.2685865 0.02273268
677 0.049 2.00 0.2681224 0.02196396
678 0.050 2.00 0.2702174 0.01789255
679 0.051 2.00 0.2677317 0.01797413
680 0.052 2.00 0.2692292 0.01781184
681 0.053 2.00 0.2662479 0.01849922
682 0.054 2.00 0.2672216 0.01763634
683 0.055 2.00 0.2678717 0.01546740
684 0.056 2.00 0.2678806 0.01649025
685 0.057 2.00 0.2678879 0.01576903
686 0.058 2.00 0.2698537 0.01597953
687 0.059 2.00 0.2687624 0.01757862
688 0.060 2.00 0.2692409 0.01846483
689 0.061 2.00 0.2667521 0.01810203
690 0.062 2.00 0.2662546 0.01811223
691 0.063 2.00 0.2662546 0.01811223
692 0.064 2.00 0.2667376 0.01844354
693 0.065 2.00 0.2677112 0.02038460
694 0.066 2.00 0.2687313 0.01919291
695 0.067 2.00 0.2677412 0.01923917
696 0.068 2.00 0.2677412 0.01923917
697 0.069 2.00 0.2687240 0.01988238
698 0.070 2.00 0.2697191 0.01870980
699 0.071 2.00 0.2697191 0.01870980
700 0.072 2.00 0.2697021 0.01940958
701 0.073 2.00 0.2712149 0.01857704
702 0.074 2.00 0.2712149 0.01857704
703 0.075 2.00 0.2722515 0.01770218
704 0.076 2.00 0.2727393 0.01764809
705 0.077 2.00 0.2752638 0.01672738
706 0.078 2.00 0.2747927 0.01698536
707 0.079 2.00 0.2752689 0.01679795
708 0.080 2.00 0.2757664 0.01714168
709 0.081 2.00 0.2757664 0.01714168
710 0.082 2.00 0.2762495 0.01778994
711 0.083 2.00 0.2762495 0.01778994
712 0.084 2.00 0.2767279 0.01746000
713 0.085 2.00 0.2767279 0.01746000
714 0.086 2.00 0.2772064 0.01725687
715 0.087 2.00 0.2767064 0.01771616
716 0.088 2.00 0.2767064 0.01771616
717 0.089 2.00 0.2772039 0.01737635
718 0.090 2.00 0.2777016 0.01700106
719 0.091 2.00 0.2781895 0.01708192
720 0.092 2.00 0.2781895 0.01708192
721 0.093 2.00 0.2786679 0.01813760
722 0.094 2.00 0.2786679 0.01813760
723 0.095 2.00 0.2786679 0.01813760
724 0.096 2.00 0.2786679 0.01813760
725 0.097 2.00 0.2791581 0.01763027
726 0.098 2.00 0.2801458 0.01696494
727 0.099 2.00 0.2806289 0.01763345
728 0.100 2.00 0.2806289 0.01763345
 





Regression tree:
rpart(formula = Default ~ ., data = german.train)

Variables actually used in tree construction:
 [1] amount          checkingstatus1 checkingstatus2 duration       
 [5] employ3         housing1        housing2        others1        
 [9] property1       purpose4        purpose9        tele           

Root node error: 101.67/500 = 0.20334

n= 500 

         CP nsplit rel error  xerror     xstd
1  0.086069      0   1.00000 1.00164 0.042917
2  0.068477      1   0.91393 0.95534 0.046167
3  0.035648      2   0.84545 0.86761 0.043361
4  0.035318      3   0.80981 0.88379 0.047407
5  0.022778      4   0.77449 0.88226 0.050270
6  0.017704      6   0.72893 0.95665 0.057180
7  0.017556      7   0.71123 0.94470 0.057863
8  0.016400      8   0.69367 0.94085 0.058122
9  0.014531     10   0.66087 0.94118 0.059678
10 0.014186     11   0.64634 0.93958 0.060540
11 0.013934     12   0.63215 0.93946 0.060660
12 0.012969     14   0.60429 0.95771 0.061872
13 0.011334     15   0.59132 0.96140 0.062947
14 0.010000     16   0.57998 0.96609 0.064725






Call:
glm(formula = Default ~ ., family = "binomial", data = german)

Deviance Residuals: 
    Min       1Q   Median       3Q      Max  
-2.2367  -0.6981  -0.3702   0.6936   2.7587  

Coefficients:
                  Estimate Std. Error z value Pr(>|z|)    
(Intercept)     -6.317e+00  1.669e+00  -3.784 0.000154 ***
checkingstatus1  1.774e+00  2.353e-01   7.539 4.73e-14 ***
checkingstatus2  1.382e+00  2.346e-01   5.890 3.86e-09 ***
checkingstatus3  7.836e-01  3.840e-01   2.041 0.041266 *  
duration         2.826e-02  9.355e-03   3.021 0.002519 ** 
history1         1.496e+00  4.446e-01   3.366 0.000764 ***
history2         1.649e+00  4.498e-01   3.667 0.000246 ***
history3         9.328e-01  2.724e-01   3.424 0.000618 ***
history4         5.565e-01  3.386e-01   1.643 0.100320    
purpose1         1.530e+00  7.803e-01   1.961 0.049859 *  
purpose2        -1.282e-01  8.137e-01  -0.158 0.874789    
purpose3         7.950e-01  7.883e-01   1.008 0.313233    
purpose4         6.613e-01  7.885e-01   0.839 0.401624    
purpose5         1.031e+00  1.088e+00   0.948 0.343247    
purpose6         1.352e+00  9.302e-01   1.454 0.146068    
purpose7         1.642e+00  8.487e-01   1.934 0.053090 .  
purpose8        -3.927e-01  1.401e+00  -0.280 0.779238    
purpose9         8.387e-01  8.070e-01   1.039 0.298657    
amount           1.213e-04  4.402e-05   2.755 0.005868 ** 
savings1         9.860e-01  2.646e-01   3.726 0.000195 ***
savings2         6.365e-01  3.528e-01   1.804 0.071211 .  
savings3         6.001e-01  4.522e-01   1.327 0.184461    
savings4        -4.591e-01  5.783e-01  -0.794 0.427282    
employ1          8.553e-02  3.805e-01   0.225 0.822159    
employ2          2.855e-01  2.968e-01   0.962 0.335982    
employ3          1.944e-03  2.541e-01   0.008 0.993894    
employ4         -5.351e-01  3.077e-01  -1.739 0.081976 .  
installment1    -9.342e-01  3.015e-01  -3.098 0.001947 ** 
installment2    -6.705e-01  2.331e-01  -2.876 0.004025 ** 
installment3    -3.078e-01  2.547e-01  -1.209 0.226837    
status1          3.759e-01  4.564e-01   0.824 0.410079    
status2          1.059e-01  3.177e-01   0.333 0.738863    
status3         -4.692e-01  3.194e-01  -1.469 0.141761    
others1          9.733e-01  4.256e-01   2.287 0.022222 *  
others2          1.407e+00  5.722e-01   2.459 0.013918 *  
residence1      -4.063e-01  3.007e-01  -1.351 0.176606    
residence2       3.598e-01  2.256e-01   1.595 0.110681    
residence3       1.327e-01  2.748e-01   0.483 0.629093    
property1       -7.212e-01  4.278e-01  -1.686 0.091847 .  
property2       -4.409e-01  4.171e-01  -1.057 0.290517    
property3       -5.546e-01  4.077e-01  -1.360 0.173775    
age             -1.307e-02  9.250e-03  -1.413 0.157651    
otherplans1      6.507e-01  2.396e-01   2.716 0.006603 ** 
otherplans2      5.738e-01  3.794e-01   1.512 0.130488    
housing1         6.002e-01  4.838e-01   1.241 0.214701    
housing2         1.524e-01  4.600e-01   0.331 0.740373    
cards1          -4.186e-01  1.072e+00  -0.391 0.696135    
cards2          -9.938e-03  1.069e+00  -0.009 0.992584    
cards3          -1.915e-01  1.194e+00  -0.160 0.872628    
liable          -2.609e-01  2.496e-01  -1.045 0.295929    
tele             2.919e-01  1.910e-01   1.529 0.126310    
foreign          1.465e+00  6.261e-01   2.340 0.019277 *  
---
Signif. codes:  0 ¡®***¡¯ 0.001 ¡®**¡¯ 0.01 ¡®*¡¯ 0.05 ¡®.¡¯ 0.1 ¡® ¡¯ 1

(Dispersion parameter for binomial family taken to be 1)

    Null deviance: 1221.73  on 999  degrees of freedom
Residual deviance:  887.95  on 948  degrees of freedom
AIC: 991.95

Number of Fisher Scoring iterations: 5

# Unavailable explanatory valiables :
# purpose, savings, employ, status, residence, property,
# age, housing, cards, liable, tele



Call:
glm(formula = Default ~ checkingstatus1 + checkingstatus2 + checkingstatus3 + 
    duration + history1 + history2 + history3 + history4 + amount + 
    installment1 + installment2 + installment3 + others1 + others2 + 
    otherplans1 + otherplans2 + foreign, family = "binomial", 
    data = german)

Deviance Residuals: 
    Min       1Q   Median       3Q      Max  
-2.0881  -0.7924  -0.4612   0.8880   2.5039  

Coefficients:
                  Estimate Std. Error z value Pr(>|z|)    
(Intercept)     -5.302e+00  7.403e-01  -7.162 7.97e-13 ***
checkingstatus1  1.985e+00  2.106e-01   9.427  < 2e-16 ***
checkingstatus2  1.463e+00  2.125e-01   6.885 5.79e-12 ***
checkingstatus3  8.771e-01  3.586e-01   2.446 0.014441 *  
duration         2.399e-02  8.275e-03   2.899 0.003743 ** 
history1         1.596e+00  4.031e-01   3.960 7.50e-05 ***
history2         1.264e+00  3.744e-01   3.378 0.000731 ***
history3         6.771e-01  1.977e-01   3.425 0.000615 ***
history4         5.481e-01  3.078e-01   1.781 0.074958 .  
amount           5.896e-05  3.664e-05   1.609 0.107601    
installment1    -5.607e-01  2.679e-01  -2.093 0.036328 *  
installment2    -5.033e-01  2.104e-01  -2.392 0.016752 *  
installment3    -2.671e-01  2.334e-01  -1.144 0.252533    
others1          9.842e-01  3.904e-01   2.521 0.011695 *  
others2          1.548e+00  5.293e-01   2.925 0.003447 ** 
otherplans1      4.947e-01  2.231e-01   2.217 0.026608 *  
otherplans2      3.172e-01  3.533e-01   0.898 0.369274    
foreign          1.217e+00  6.045e-01   2.014 0.044049 *  
---
Signif. codes:  0 ¡®***¡¯ 0.001 ¡®**¡¯ 0.01 ¡®*¡¯ 0.05 ¡®.¡¯ 0.1 ¡® ¡¯ 1

(Dispersion parameter for binomial family taken to be 1)

    Null deviance: 1221.7  on 999  degrees of freedom
Residual deviance:  992.9  on 982  degrees of freedom
AIC: 1028.9

Number of Fisher Scoring iterations: 5

# Unavailable explanatory valiables : amount



Call:
glm(formula = Default ~ checkingstatus1 + checkingstatus2 + checkingstatus3 + 
    duration + history1 + history2 + history3 + history4 + installment1 + 
    installment2 + installment3 + others1 + others2 + otherplans1 + 
    otherplans2 + foreign, family = "binomial", data = german)

Deviance Residuals: 
    Min       1Q   Median       3Q      Max  
-1.9605  -0.7892  -0.4602   0.8662   2.5307  

Coefficients:
                 Estimate Std. Error z value Pr(>|z|)    
(Intercept)     -5.321726   0.733108  -7.259 3.90e-13 ***
checkingstatus1  1.973010   0.209996   9.395  < 2e-16 ***
checkingstatus2  1.470084   0.212150   6.929 4.22e-12 ***
checkingstatus3  0.831015   0.356657   2.330 0.019806 *  
duration         0.032382   0.006465   5.009 5.48e-07 ***
history1         1.621713   0.400869   4.045 5.22e-05 ***
history2         1.247295   0.374332   3.332 0.000862 ***
history3         0.661434   0.196932   3.359 0.000783 ***
history4         0.549507   0.308249   1.783 0.074640 .  
installment1    -0.411862   0.249754  -1.649 0.099133 .  
installment2    -0.406049   0.201050  -2.020 0.043420 *  
installment3    -0.213033   0.230914  -0.923 0.356236    
others1          1.026018   0.389985   2.631 0.008515 ** 
others2          1.637860   0.525466   3.117 0.001827 ** 
otherplans1      0.499800   0.222466   2.247 0.024664 *  
otherplans2      0.312531   0.353611   0.884 0.376790    
foreign          1.175796   0.594435   1.978 0.047928 *  
---
Signif. codes:  0 ¡®***¡¯ 0.001 ¡®**¡¯ 0.01 ¡®*¡¯ 0.05 ¡®.¡¯ 0.1 ¡® ¡¯ 1

(Dispersion parameter for binomial family taken to be 1)

    Null deviance: 1221.7  on 999  degrees of freedom
Residual deviance:  995.5  on 983  degrees of freedom
AIC: 1029.5

Number of Fisher Scoring iterations: 5

# Unavailable explanatory valiables : installment



Call:
glm(formula = Default ~ checkingstatus1 + checkingstatus2 + checkingstatus3 + 
    duration + history1 + history2 + history3 + history4 + others1 + 
    others2 + otherplans1 + otherplans2 + foreign, family = "binomial", 
    data = german)

Deviance Residuals: 
    Min       1Q   Median       3Q      Max  
-1.9586  -0.7951  -0.4507   0.9188   2.5972  

Coefficients:
                 Estimate Std. Error z value Pr(>|z|)    
(Intercept)     -5.552233   0.728531  -7.621 2.51e-14 ***
checkingstatus1  1.976201   0.209338   9.440  < 2e-16 ***
checkingstatus2  1.440962   0.211121   6.825 8.78e-12 ***
checkingstatus3  0.806632   0.353989   2.279 0.022685 *  
duration         0.032414   0.006404   5.061 4.16e-07 ***
history1         1.542602   0.398488   3.871 0.000108 ***
history2         1.259669   0.371248   3.393 0.000691 ***
history3         0.645282   0.196067   3.291 0.000998 ***
history4         0.516589   0.307164   1.682 0.092608 .  
others1          1.037122   0.391970   2.646 0.008147 ** 
others2          1.619915   0.527498   3.071 0.002134 ** 
otherplans1      0.489889   0.221536   2.211 0.027013 *  
otherplans2      0.358511   0.351065   1.021 0.307155    
foreign          1.244905   0.591975   2.103 0.035469 *  
---
Signif. codes:  0 ¡®***¡¯ 0.001 ¡®**¡¯ 0.01 ¡®*¡¯ 0.05 ¡®.¡¯ 0.1 ¡® ¡¯ 1

(Dispersion parameter for binomial family taken to be 1)

    Null deviance: 1221.7  on 999  degrees of freedom
Residual deviance: 1001.1  on 986  degrees of freedom
AIC: 1029.1

Number of Fisher Scoring iterations: 5
